0
86
193
276
385
499
598
696
813
904
997
1095
1196
1297
1383
1495
1596
1713
1811
1915
2025
2109
2198
2301
2399
2507
2616
2703
2809
2921
3023
3132
3232
3337
3450
3551
3657
3761
3870
3972
4073
4174
4272
4375
4471
4562
4676
4789
4908
4996
5106
5212
5317
5427
5514
5615
5705
5815
5919
6011
6100
6209
6297
6396
6500
6596
6698
6791
6888
6966
7064
7170
7268
7372
7465
7565
7650
7744
7842
7944
8036
8125
8205
8318
8431
8532
8633
8725
8830
8928
9016
9118
9239
9317
9421
9518
9632
9728
9817
9923
10003
10098
10212
10301
10395
10493
10588
10698
10807
10909
11007
11127
11232
11334
11435
11536
11624
11732
11823
11941
12040
12136
12228
12323
12404
12492
12607
12697
12784
12908
13010
13109
13212
13303
13408
13500
13607
13704
13813
13910
13990
14080
14181
14267
14354
14455
14539
14655
14760
14851
14950
15047
15144
15251
15354
15447
15540
15627
15733
15835
15953
16060
16168
16273
16363
16474
16583
16685
16776
16877
16969
17078
17182
17272
17364
17457
17551
17649
17752
17845
17944
18062
18170
18279
18373
18471
18568
18673
18769
18872
18982
19080
19161
19267
19360
19426
19517
19624
19731
19824
19947
20045
20166
20264
20366
20468
20569
20677
20770
20868
20963
21055
21146
21248
21358
21486
21573
21689
21809
21904
21998
22093
22197
22303
22407
22515
22608
22709
22807
22909
22985
23067
23177
23277
23357
23463
23579
23690
23787
23915
24033
24142
24233
24339
24457
24557
24663
24753
24846
24951
25057
25163
25278
25373
25475
25581
25711
25794
25911
26006
26102
26205
26310
26409
26500
26602
26691
26784
26854
26957
27032
27125
27234
27327
27439
27544
27645
27742
27843
27934
28026
28127
28225
28328
28425
28524
28620
28706
28812
28904
29015
29131
29229
29332
29423
29537
29637
29724
29835
29918
30022
30117
30214
30302
30382
30492
30583
30678
30781
30871
30976
31072
31184
31286
31378
31480
31576
31672
31781
31894
32006
32112
32214
32325
32418
32524
32640
32743
32845
32943
33060
33152
33251
33350
33458
33563
33655
33760
33876
33969
34068
34181
34290
34377
34466
34544
34658
34756
34871
34970
35076
35188
35283
35375
35471
35569
35659
35764
35866
35978
36082
36177
36274
36381
36495
36602
36685
36788
36885
36982
37082
37189
37293
37396
37498
37582
37690
37797
37893
37978
38074
38189
38280
38377
38476
38578
38664
38756
38848
38966
39044
39152
39251
39350
39451
39548
39650
39750
39861
39958
40062
40142
40242
40339
40442
40538
40640
40743
40838
40942
41056
41150
41254
41346
41453
41560
41664
41765
41859
41954
42045
42133
42243
42345
42442
42548
42648
42754
42838
42935
43029
43134
43240
43339
43456
43543
43638
43734
43827
43954
44053
44153
44243
44357
44442
44544
44651
44762
44862
44971
45079
45169
45277
45392
45477
45569
45664
45750
45855
45949
46048
46138
46232
46316
46418
46519
46639
46745
46845
46945
47051
47162
47274
47379
47494
47595
47690
47799
47883
47985
48085
48194
48298
48410
48521
48629
48727
48842
48931
49041
49127
49222
49299
49412
49513
49615
49732
49827
49929
50039
50145
50237
50347
50434
50532
50636
50730
50825
50921
51003
51120
51225
51321
51431
51546
51636
51732
51822
51921
52037
52141
52225
52323
52427
52519
52618
52722
52811
52909
52997
53087
53189
53277
53359
53465
53575
53666
53786
53877
53970
54071
54171
54266
54380
54502
54613
54728
54817
54918
55016
55123
55219
55339
55440
55540
55648
55760
55857
55964
56064
56148
56263
56365
56478
56564
56653
56760
56866
56951
57047
57147
57247
57354
57455
57551
57642
57737
57839
57944
58041
58133
58250
58347
58467
58546
58649
58748
58840
58928
59025
59114
59225
59345
59458
59569
59687
59790
59880
59977
60076
60180
60263
60363
60436
60543
60633
60726
60837
60939
61043
61149
61237
61330
61427
61527
61623
61717
61811
61904
62007
62106
62200
62289
62386
62482
62573
62664
62753
62864
62958
63066
63176
63276
63383
63471
63563
63677
63776
63866
63961
64057
64148
64240
64340
64451
64551
64639
64768
64870
64963
65076
65184
65275
65384
65482
65595
65693
65793
65886
65986
66088
66199
66301
66388
66495
66589
66694
66799
66896
66987
67102
67200
67309
67413
67521
67627
67723
67820
67924
68013
68096
68188
68294
68399
68497
68595
68688
68788
68888
68983
69072
69161
69247
69362
69478
69577
69684
69793
69887
69995
70087
70199
70303
70391
70504
70591
70682
70790
70881
70990
71089
71199
71306
71402
71507
71608
71709
71804
71900
71996
72107
72211
72321
72450
72556
72637
72737
72837
72952
73038
73122
73226
73305
73421
73509
73617
73712
73812
73919
74031
74114
74226
74324
74414
74515
74608
74716
74826
74929
75050
75139
75254
75343
75427
75537
75636
75723
75815
75929
76022
76120
76233
76325
76413
76512
76629
76728
76813
76920
77024
77147
77244
77340
77451
77551
77643
77745
77852
77939
78032
78138
78245
78343
78458
78554
78652
78762
78871
78971
79072
79169
79274
79379
79477
79577
79680
79796
79905
80009
80121
80212
80315
80394
80498
80582
80660
80762
80859
80964
81058
81132
81223
81329
81421
81500
81611
81713
81812
81912
82010
82109
82195
82288
82403
82497
82613
82723
82836
82930
83028
83129
83228
83304
83412
83507
83596
83714
83811
83896
84009
84100
84196
84285
84375
84468
84549
84648
84728
84830
84918
85023
85114
85216
85329
85459
85556
85667
85758
85871
85980
86077
86174
86276
86397
86508
86623
86731
86832
86921
87035
87142
87242
87341
87430
87538
87630
87722
87815
87914
88013
88108
88203
88304
88418
88507
88605
88706
88802
88898
88996
89096
89193
89292
89394
89501
89594
89693
89800
89910
89991
90088
90181
90256
90351
90452
90561
90672
90771
90864
90970
91053
91172
91273
91390
91497
91617
91725
91826
91918
92012
92106
92215
92319
92431
92527
92622
92711
92807
92914
93021
93106
93198
93283
93384
93467
93576
93671
93773
93888
94008
94116
94221
94327
94425
94512
94605
94701
94796
94885
94982
95073
95178
95264
95340
95440
95531
95619
95733
95821
95931
96026
96131
96213
96315
96424
96525
96620
96740
96836
96942
97043
97157
97260
97354
97448
97555
97675
97774
97886
98009
98121
98226
98335
98441
98535
98642
98756
98856
98952
99048
99147
99266
99384
99486
99586
99676
99768
99883
99975
100071
100179
100282
100374
100473
100569
100655
100755
100863
100960
101051
101133
101254
101363
101450
101544
101647
101761
101857
101965
102051
102151
102269
102360
102456
102556
102657
102748
102848
102952
103048
103155
103251
103339
103432
103532
103638
103728
103838
103963
104058
104155
104248
104343
104450
104564
104660
104773
104890
104982
105084
105186
105289
105416
105503
105609
105691
105772
105869
105953
106046
106151
106240
106334
106422
106518
106624
106709
106807
106907
106988
107085
107182
107279
107379
107480
107573
107671
107759
107845
107947
108085
108189
108266
108347
108457
108565
108663
108763
108870
108960
109066
109167
109267
109358
109442
109554
109662
109773
109867
109971
110054
110160
110252
110358
110442
110537
110635
110762
110864
110981
111089
111189
111290
111377
111492
111588
111716
111813
111890
111976
112079
112161
112251
112374
112472
112586
112680
112772
112871
112979
113074
113177
113274
113356
113437
113542
113644
113740
113844
113941
114043
114138
114251
114349
114437
114533
114640
114745
114857
114965
115073
115172
115279
115369
115469
115582
115679
115794
115881
115980
116072
116181
116283
116383
116489
116608
116712
116824
116916
117007
117105
117206
117313
117407
117505
117613
117715
117826
117919
118028
118117
118231
118342
118438
118524
118624
118741
118847
118952
119045
119155
119251
119347
119438
119537
119618
119748
119854
119942
120062
120169
120264
120365
120435
120533
120650
120746
120835
120928
121020
121113
121211
121301
121388
121491
121608
121717
121824
121932
122031
122119
122221
122327
122411
122509
122606
122702
122806
122905
123013
123127
123237
123331
123429
123529
123633
123732
123834
123945
124059
124164
124265
124369
124466
124566
124671
124764
124863
124947
125036
125131
125212
125311
125412
125520
125600
125684
125798
125901
125997
126098
126193
126293
126389
126488
126597
126694
126804
126906
126991
127092
127190
127278
127378
127485
127594
127704
127778
127866
127958
128056
128165
128276
128381
128472
128571
128681
128762
128874
128976
129085
129177
129258
129358
129468
129570
129663
129764
129860
129957
130068
130166
130280
130373
130462
130570
130671
130767
130868
130972
131073
131170
131276
131394
131490
131583
131689
131801
131900
132010
132111
132213
132309
132398
132504
132621
132715
132813
132915
133011
133121
133218
133304
133386
133480
133574
133678
133790
133900
134007
134098
134183
134288
134391
134484
134582
134660
134773
134874
134975
135080
135178
135279
135365
135444
135528
135619
135716
135818
135924
136023
136122
136222
136319
136409
136505
136603
136706
136812
136920
137037
137146
137242
137332
137432
137526
137609
137730
137824
137922
138029
138128
138230
138351
138444
138539
138640
138722
138815
138906
139029
139115
139216
139300
139396
139509
139602
139709
139803
139906
140012
140113
140224
140342
140443
140523
140605
140711
140812
140914
141018
141113
141224
141313
141430
141514
141598
141696
141796
141904
142011
142122
142210
142309
142408
142494
142576
142676
142779
142873
142969
143064
143160
143260
143357
143472
143569
143649
143757
143845
143952
144064
144163
144262
144359
144473
144568
144660
144760
144860
144949
145070
145191
145287
145385
145487
145604
145699
145796
145892
145992
146106
146206
146320
146415
146521
146630
146732
146825
146897
147018
147116
147207
147316
147397
147494
147589
147681
147769
147851
147951
148040
148140
148235
148333
148422
148530
148638
148739
148843
148950
149054
149149
149255
149378
149477
149582
149693
149789
149882
149974
150077
150178
150268
150384
150486
150590
150689
150785
150889
150989
151103
151207
151306
151401
151493
151587
151671
151765
151856
151967
152076
152184
152287
152391
152489
152571
152653
152752
152873
152969
153054
153155
153247
153349
153451
153565
153671
153767
153854
153943
154041
154132
154236
154334
154435
154556
154640
154735
154853
154944
155067
155174
155277
155371
155478
155596
155675
155787
155887
155982
156091
156179
156290
156376
156490
156604
156692
156787
156892
156996
157075
157185
157300
157404
157525
157626
157731
157831
157949
158043
158149
158243
158351
158434
158529
158634
158713
158810
158901
158992
159105
159183
159280
159374
159486
159580
159694
159795
159894
159991
160110
160215
160330
160424
160534
160612
160727
160825
160929
161007
161106
161209
161317
161424
161537
161631
161726
161831
161938
162016
162138
162230
162320
162411
162519
162614
162715
162809
162908
163004
163112
163221
163336
163440
163538
163633
163724
163820
163912
164004
164105
164206
164299
164404
164497
164597
164684
164791
164894
164992
165090
165197
165295
165386
165511
165603
165697
165788
165885
165998
166090
166184
166280
166389
166491
166603
166690
166795
166886
166977
167060
167151
167248
167346
167431
167527
167633
167728
167831
167927
168011
168098
168193
168291
168383
168492
168569
168668
168757
168857
168961
169066
169172
169267
169364
169455
169556
169641
169745
169839
169958
170048
170148
170230
170344
170433
170536
170639
170734
170852
170954
171045
171161
171282
171380
171478
171569
171672
171770
171839
171926
172035
172118
172209
172315
172414
172520
172619
172721
172816
172914
173002
173091
173188
173273
173372
173478
173575
173675
173788
173879
173983
174084
174180
174271
174358
174453
174550
174647
174735
174839
174934
175048
175150
175255
175348
175450
175537
175643
175735
175815
175906
176003
176111
176208
176302
176404
176490
176583
176680
176778
176871
176977
177084
177182
177274
177372
177463
177556
177664
177755
177839
177954
178048
178151
178242
178326
178437
178526
178629
178729
178838
178938
179037
179136
179222
179326
179435
179540
179663
179781
179880
179978
180085
180191
180275
180363
180451
180561
180668
180786
180895
181013
181122
181239
181350
181447
181539
181636
181720
181813
181919
182001
182096
182184
182269
182366
182489
182588
182689
182782
182883
182976
183092
183176
183268
183381
183474
183563
183659
183767
183844
183944
184044
184126
184222
184324
184438
184544
184640
184747
184847
184927
185014
185115
185212
185316
185435
185537
185627
185719
185814
185911
186006
186127
186222
186316
186415
186503
186598
186679
186779
186878
186963
187068
187172
187250
187364
187445
187545
187640
187746
187845
187937
188050
188154
188266
188382
188466
188551
188643
188754
188856
188958
189055
189156
189251
189346
189440
189535
189645
189752
189849
189940
190039
190131
190223
190320
190416
190520
190618
190711
190801
190888
190967
191075
191181
191291
191394
191514
191613
191701
191803
191900
191997
192109
192204
192307
192409
192506
192608
192705
192795
192899
193002
193099
193197
193298
193395
193497
193582
193685
193787
193887
193972
194076
194161
194255
194359
194469
194568
194656
194740
194854
194942
195054
195152
195248
195365
195457
195564
195653
195763
195860
195963
196065
196154
196262
196375
196463
196551
196640
196733
196845
196959
197048
197136
197238
197323
197436
197537
197657
197741
197844
197955
198081
198169
198254
198358
198479
198592
198684
198783
198870
198966
199091
199188
199284
199365
199458
199552
199650
199760
199858
199951
200051
200151
200250
200347
200460
200558
200662
200790
200907
201007
201106
201220
201337
201454
201574
201672
201746
201870
201970
202081
202186
202281
202391
202497
202605
202712
202822
202931
203018
203116
203197
203292
203404
203486
203582
203697
203788
203891
204005
204106
204191
204295
204393
204489
204576
204676
204781
204891
204968
205058
205167
205263
205365
205469
205563
205666
205760
205852
205957
206066
206170
206272
206376
206481
206595
206680
206772
206860
206985
207087
207193
207286
207390
207485
207585
207672
207764
207865
207973
208084
208198
208311
208400
208502
208600
208704
208815
208909
208996
209096
209186
209297
209394
209489
209602
209696
209802
209902
210005
210128
210213
210327
210427
210522
210614
210715
210815
210930
211034
211144
211246
211349
211445
211531
211628
211716
211811
211908
212017
212123
212231
212326
212425
212517
212625
212723
212837
212934
213043
213138
213235
213344
213452
213549
213625
213727
213804
213897
213997
214097
214220
214315
214419
214527
214611
214703
214785
214913
215025
215116
215218
215329
215422
215531
215620
215716
215800
215895
215982
216083
216170
216265
216379
216483
216596
216680
216757
216855
216955
217076
217189
217295
217401
217506
217588
217674
217777
217886
217991
218087
218196
218292
218383
218485
218573
218667
218777
218873
218964
219072
219191
219292
219398
219504
219602
219699
219804
219900
219997
220103
220218
220311
220403
220498
220604
220721
220826
220914
221028
221124
221225
221334
221431
221551
221633
221737
221838
221941
222038
222144
222248
222336
222445
222532
222638
222724
222836
222947
223063
223159
223258
223343
223426
223518
223611
223711
223814
223919
224010
224102
224199
224293
224386
224489
224598
224691
224786
224883
224979
225076
225183
225283
225374
225478
225594
225712
225832
225942
226042
226125
226228
226302
226407
226516
226601
226692
226808
226915
227027
227141
227221
227322
227398
227495
227605
227708
227802
227886
227983
228084
228167
228263
228381
228471
228565
228680
228806
228911
229030
229133
229231
229349
229423
229518
229626
229737
229845
229938
230043
230167
230254
230351
230444
230551
230645
230743
230852
230947
231044
231155
231251
231347
231458
231567
231662
231754
231837
231937
232021
232114
232225
232328
232431
232554
232653
232754
232856
232966
233073
233177
233281
233396
233487
233582
233691
233789
233901
233999
234086
234205
234304
234418
234523
234622
234727
234840
234955
235048
235143
235234
235320
235433
235513
235626
235736
235840
235936
236039
236137
236234
236348
236446
236546
236642
236745
236826
236923
237028
237119
237209
237297
237414
237510
237606
237713
237809
237897
237996
238092
238206
238311
238409
238520
238617
238708
238794
238915
239015
239096
239201
239315
239423
239531
239643
239738
239836
239926
240034
240119
240234
240340
240432
240535
240629
240731
240830
240939
241033
241154
241264
241362
241461
241571
241666
241763
241866
241966
242049
242145
242238
242324
242415
242519
242631
242728
242828
242925
243050
243148
243252
243356
243452
243559
243669
243760
243859
243977
244076
244186
244267
244373
244462
244558
244654
244755
244859
244947
245058
245164
245251
245357
245456
245542
245639
245743
245838
245943
246064
246169
246269
246367
246463
246560
246639
246738
246839
246935
247034
247129
247232
247331
247436
247534
247637
247743
247842
247943
248048
248139
248243
248355
248459
248550
248637
248740
248839
248935
249036
249125
249219
249331
249425
249518
249616
249705
249801
249896
250013
250111
250192
250283
250382
250483
250569
250670
250750
250856
250957
251050
251173
251289
251380
251482
251561
251649
251741
251851
251957
252056
252162
252260
252350
252457
252552
252664
252770
252873
252963
253054
253150
253249
253354
253451
253548
253660
253783
253886
253977
254076
254175
254276
254388
254464
254582
254682
254773
254874
254959
255052
255126
255231
255316
255437
255534
255627
255722
255834
255925
256028
256142
256259
256362
256451
256540
256652
256754
256860
256963
257079
257162
257256
257364
257463
257565
257671
257766
257858
257947
258043
258142
258224
258335
258444
258522
258620
258718
258810
258916
259015
259113
259216
259316
259415
259507
259607
259693
259798
259899
259992
260099
260197
260305
260413
260510
260606
260699
260806
260910
261021
261122
261236
261331
261431
261535
261644
261748
261848
261969
262071
262191
262285
262380
262474
262585
262698
262784
262884
262995
263092
263190
263289
263390
263505
263606
263690
263796
263912
264024
264125
264222
264319
264415
264510
264636
264720
264818
264902
265012
265104
265218
265331
265426
265555
265650
265750
265852
265945
266055
266142
266238
266325
266444
266545
266657
266761
266845
266938
267038
267144
267264
267362
267444
267525
267628
267736
267828
267923
268041
268137
268226
268337
268436
268542
268638
268729
268812
268916
269015
269111
269202
269291
269387
269485
269588
269711
269806
269907
270000
270093
270214
270303
270409
270498
270595
270712
270799
270904
271006
271106
271216
271316
271407
271514
271597
271704
271798
271906
272014
272116
272224
272316
272405
272512
272595
272679
272790
272888
272989
273079
273167
273273
273364
273461
273555
273661
273765
273874
273982
274093
274191
274276
274391
274494
274602
274706
274798
274905
274993
275121
275218
275296
275421
275534
275642
275746
275851
275923
276037
276135
276244
276357
276461
276562
276667
276769
276869
276963
277065
277167
277266
277361
277478
277581
277706
277796
277884
277971
278067
278174
278262
278374
278477
278571
278666
278753
278844
278955
279046
279139
279257
279367
279457
279576
279691
279783
279886
279989
280088
280179
280266
280347
280461
280538
280624
280736
280824
280934
281027
281133
281238
281328
281441
281543
281644
281757
281857
281965
282047
282150
282261
282355
282448
282562
282660
282750
282848
282968
283055
283176
283276
283389
283501
283591
283690
283790
283892
284000
284099
284200
284301
284385
284504
284586
284685
284776
284865
284974
285082
285188
285288
285398
285481
285578
285676
285767
285856
285949
286030
286127
286215
286314
286432
286534
286635
286739
286844
286958
287070
287158
287241
287337
287426
287528
287635
287725
287836
287942
288038
288124
288212
288316
288420
288514
288617
288711
288809
288901
289019
289118
289219
289314
289423
289532
289634
289734
289852
289968
290078
290186
290281
290390
290497
290587
290682
290798
290866
290969
291055
291158
291255
291367
291472
291566
291666
291779
291888
291988
292093
292187
292279
292381
292484
292595
292702
292790
292892
292990
293096
293202
293304
293418
293508
293617
293716
293807
293885
293971
294059
294138
294232
294344
294445
294560
294666
294763
294850
294951
295048
295146
295256
295356
295482
295601
295705
295798
295928
296017
296114
296214
296308
296403
296509
296622
296715
296805
296916
297015
297129
297230
297312
297408
297517
297615
297731
297845
297939
298041
298137
298236
298344
298447
298549
298667
298751
298861
298968
299051
299155
299262
299368
299452
299569
299651
299750
299857
299948
300060
300148
300247
300324
300428
300549
300656
300753
300860
300939
301040
301144
301240
301331
301421
301518
301602
301696
301786
301879
301989
302104
302208
302297
302398
302507
302597
302713
302810
302927
303015
303124
303230
303354
303446
303551
303642
303736
303831
303920
304008
304108
304214
304321
304421
304531
304640
304749
304850
304951
305048
305151
305238
305326
305425
305545
305621
305723
305823
305930
306034
306123
306210
306309
306410
306532
306610
306722
306826
306927
307031
307147
307247
307339
307430
307536
307631
307727
307817
307924
308026
308117
308216
308321
308439
308521
308622
308737
308837
308939
309018
309123
309235
309356
309464
309576
309663
309771
309875
309952
310064
310180
310283
310369
310469
310580
310689
310802
310903
311006
311107
311191
311283
311379
311478
311583
311677
311779
311882
311985
312087
312181
312260
312356
312464
312565
312662
312765
312857
312964
313074
313187
313279
313411
313501
313591
313676
313768
313880
313998
314088
314191
314284
314371
314477
314567
314670
314758
314847
314946
315054
315148
315247
315365
315467
315567
315662
315775
315878
315977
316083
316186
316299
316385
316481
316581
316688
316777
316883
316979
317080
317188
317282
317382
317492
317578
317669
317776
317898
318008
318120
318206
318316
318401
318502
318608
318694
318781
318877
318972
319075
319173
319273
319373
319449
319553
319662
319770
319873
319975
320079
320185
320294
320388
320490
320581
320690
320788
320894
320989
321073
321174
321269
321360
321468
321561
321673
321795
321892
321990
322088
322193
322290
322370
322457
322544
322646
322756
322857
322970
323072
323169
323271
323359
323471
323579
323667
323752
323846
323944
324049
324142
324233
324328
324432
324536
324637
324750
324846
324945
325036
325143
325240
325335
325455
325553
325637
325730
325840
325949
326050
326152
326267
326360
326463
326570
326689
326792
326900
327007
327125
327217
327311
327410
327507
327585
327681
327780
327883
327983
328086
328173
328275
328367
328452
328562
328654
328753
328854
328958
329054
329147
329236
329349
329453
329553
329668
329773
329888
330000
330111
330210
330315
330411
330500
330602
330715
330811
330910
331026
331139
331236
331328
331428
331524
331624
331718
331803
331905
332019
332133
332240
332344
332437
332536
332629
332731
332837
332934
333017
333110
333219
333329
333427
333516
333625
333745
333838
333939
334030
334136
334232
334359
334446
334544
334645
334741
334830
334928
335014
335094
335182
335274
335381
335484
335584
335678
335769
335857
335976
336085
336179
336317
336430
336519
336617
336720
336830
336927
337023
337106
337218
337336
337447
337573
337672
337774
337876
337979
338069
338172
338270
338375
338478
338574
338663
338769
338866
338971
339072
339163
339273
339369
339470
339565
339657
339766
339875
339961
340063
340153
340253
340346
340440
340551
340664
340776
340874
340963
341069
341180
341292
341396
341496
341592
341690
341771
341863
341980
342096
342192
342298
342419
342522
342600
342692
342783
342887
342985
343094
343191
343299
343409
343505
343607
343697
343790
343904
343991
344085
344194
344285
344372
344466
344571
344648
344747
344846
344942
345037
345121
345218
345310
345423
345526
345629
345715
345819
345934
346039
346143
346247
346343
346457
346567
346648
346758
346864
346977
347089
347175
347266
347377
347495
347582
347676
347771
347868
347962
348062
348158
348260
348356
348453
348535
348624
348709
348826
348946
349070
349182
349294
349401
349505
349590
349690
349804
349891
349990
350080
350180
350284
350401
350514
350621
350729
350832
350948
351040
351139
351236
351344
351444
351544
351638
351740
351823
351914
352023
352129
352236
352331
352428
352540
352655
352753
352863
352972
353083
353175
353303
353391
353510
353623
353727
353850
353968
354074
354162
354263
354368
354465
354566
354651
354760
354857
354940
355045
355151
355250
355352
355452
355555
355658
355759
355862
355963
356052
356141
356229
356342
356445
356542
356632
356732
356849
356969
357059
357159
357261
357364
357458
357555
357644
357733
357823
357917
358002
358092
358190
358281
358382
358485
358597
358696
358803
358902
359009
359106
359192
359286
359386
359480
359582
359704
359795
359907
360018
360118
360238
360328
360416
360528
360629
360722
360831
360938
361022
361106
361205
361315
361414
361514
361615
361714
361804
361904
361995
362100
362217
362318
362418
362514
362626
362730
362816
362923
363030
363134
363231
363323
363428
363538
363649
363749
363841
363940
364050
364159
364272
364390
364477
364589
364699
364803
364886
364989
365092
365186
365280
365380
365484
365599
365684
365781
365871
365965
366077
366173
366265
366366
366483
366582
366671
366760
366873
366980
367067
367155
367256
367350
367465
367536
367643
367741
367848
367935
368032
368136
368221
368324
368423
368530
368621
368710
368808
368918
368998
369105
369210
369310
369390
369482
369586
369679
369796
369877
369980
370081
370179
370269
370356
370462
370569
370666
370766
370851
370960
371049
371150
371257
371370
371471
371571
371668
371756
371861
371940
372038
372134
372232
372325
372422
372537
372634
372734
372826
372929
373033
373134
373231
373332
373430
373528
373621
373720
373819
373932
374033
374145
374240
374355
374456
374549
374663
374762
374842
374950
375031
375120
375218
375334
375424
375539
375656
375760
375869
375969
376057
376142
376243
376365
376457
376566
376653
376746
376846
376962
377059
377157
377251
377361
377468
377581
377683
377779
377867
377991
378097
378198
378320
378415
378511
378612
378708
378810
378923
379022
379131
379233
379335
379435
379537
379659
379764
379857
379953
380025
380129
380223
380318
380408
380493
380582
380681
380757
380871
380954
381051
381152
381253
381353
381458
381570
381683
381781
381889
381976
382081
382169
382255
382362
382463
382551
382651
382750
382845
382940
383014
383124
383223
383323
383413
383526
383626
383729
383820
383923
384029
384151
384253
384359
384448
384552
384656
384756
384872
384969
385073
385175
385273
385386
385479
385558
385658
385782
385888
385983
386094
386188
386303
386414
386519
386627
386729
386834
386932
387021
387111
387201
387305
387403
387490
387571
387665
387745
387847
387952
388046
388137
388231
388319
388416
388515
388606
388712
388818
388928
389028
389130
389230
389348
389450
389537
389630
389715
389818
389923
390021
390122
390217
390317
390419
390504
390612
390712
390815
390892
390975
391090
391191
391280
391380
391500
391607
391701
391808
391918
392026
392115
392203
392292
392381
392491
392579
392680
392759
392864
392970
393065
393160
393252
393355
393444
393542
393632
393743
393848
393957
394040
394151
394244
394335
394444
394544
394649
394752
394859
394959
395082
395190
395306
395420
395521
395613
395730
395809
395914
396025
396123
396219
396319
396413
396521
396620
396727
396825
396918
397012
397119
397215
397314
397395
397494
397593
397687
397782
397881
397964
398078
398175
398274
398383
398481
398591
398686
398783
398875
398992
399114
399219
399320
399422
399519
399622
399710
399820
399915
400029
400121
400222
400311
400417
400505
400596
400699
400791
400908
401024
401095
401190
401288
401386
401472
401573
401671
401772
401858
401961
402056
402153
402264
402380
402483
402596
402698
402786
402882
402976
403056
403160
403266
403356
403449
403545
403649
403746
403848
403940
404045
404147
404258
404359
404449
404544
404642
404735
404828
404927
405026
405117
405210
405296
405401
405495
405596
405721
405839
405932
406035
406128
406219
406324
406407
406530
406610
406721
406818
406898
406981
407069
407167
407265
407369
407464
407567
407675
407781
407896
408000
408098
408185
408293
408402
408494
408595
408701
408786
408904
408999
409099
409213
409306
409403
409495
409594
409692
409805
409908
410028
410117
410224
410326
410444
410546
410638
410752
410853
410941
411035
411128
411213
411313
411413
411521
411618
411713
411821
411905
412012
412121
412231
412334
412417
412506
412592
412689
412779
412870
412977
413080
413174
413275
413376
413498
413602
413702
413805
413902
414002
414088
414199
414287
414379
414474
414578
414671
414783
414872
414961
415082
415182
415281
415368
415467
415571
415678
415778
415888
415997
416104
416200
416289
416392
416481
416582
416653
416743
416850
416943
417048
417145
417244
417339
417446
417552
417674
417779
417864
417957
418038
418118
418229
418337
418443
418540
418634
418743
418850
418945
419034
419128
419221
419313
419416
419521
419606
419730
419827
419930
420017
420113
420236
420344
420450
420562
420672
420779
420892
420987
421083
421185
421282
421381
421489
421575
421670
421755
421851
421953
422057
422144
422228
422324
422438
422520
422616
422714
422805
422905
423008
423113
423224
423321
423421
423510
423600
423684
423784
423877
423972
424064
424156
424254
424361
424453
424555
424674
424782
424881
424977
425082
425197
425295
425410
425492
425617
425715
425806
425895
426002
426101
426196
426296
426388
426482
426574
426676
426774
426868
426958
427071
427163
427248
427350
427457
427550
427634
427726
427836
427929
428020
428121
428210
428304
428396
428486
428596
428715
428829
428922
429028
429108
429204
429308
429409
429511
429608
429713
429813
429920
430030
430133
430240
430362
430452
430546
430651
430744
430842
430948
431054
431147
431248
431356
431451
431542
431649
431751
431851
431954
432054
432152
432264
432364
432481
432578
432684
432777
432860
432971
433065
433159
433275
433371
433467
433558
433669
433761
433851
433970
434066
434171
434275
434378
434486
434585
434703
434801
434904
435003
435100
435198
435298
435395
435489
435582
435679
435776
435887
435995
436093
436186
436299
436423
436527
436622
436703
436800
436889
437002
437095
437202
437295
437394
437497
437608
437700
437801
437904
438007
438095
438196
438311
438398
438514
438621
438736
438826
438908
438991
439087
439181
439284
439379
439481
439592
439690
439779
439882
439989
440090
440196
440282
440383
440493
440598
440688
440776
440880
440975
441070
441173
441275
441382
441485
441575
441661
441760
441865
441971
442088
442189
442292
442411
442520
442612
442696
442798
442903
442998
443091
443208
443294
443401
443516
443620
443729
443820
443922
444034
444150
444261
444340
444435
444546
444638
444737
444821
444923
445016
445134
445231
445326
445412
445507
445604
445707
445816
445915
446005
446107
446207
446314
446420
446505
446601
446701
446789
446899
447005
447113
447212
447302
447399
447501
447609
447721
447815
447910
447990
448096
448173
448278
448380
448478
448579
448688
448779
448882
448975
449092
449195
449295
449412
449491
449586
449681
449772
449867
449954
450052
450155
450249
450347
450442
450547
450651
450766
450855
450944
451035
451149
451241
451356
451447
451557
451678
451766
451861
451955
452058
452144
452231
452333
452426
452539
452628
452728
452834
452924
453014
453106
453196
453288
453391
453474
453554
453653
453757
453859
453956
454061
454152
454253
454360
454462
454569
454660
454762
454848
454940
455037
455115
455226
455330
455451
455562
455651
455736
455838
455943
456056
456139
456237
456342
456462
456557
456644
456737
456826
456938
457035
457124
457215
457308
457405
457499
457592
457703
457793
457886
457971
458081
458182
458288
458386
458482
458581
458686
458791
458888
458975
459067
459167
459286
459378
459480
459568
459659
459759
459861
459970
460065
460171
460284
460391
460486
460585
460678
460775
460887
460981
461086
461197
461295
461395
461477
461564
461666
461763
461852
461956
462042
462158
462258
462364
462466
462558
462653
462739
462836
462937
463032
463139
463226
463343
463443
463535
463635
463723
463817
463907
464027
464115
464237
464354
464453
464565
464651
464741
464838
464942
465039
465134
465231
465329
465424
465519
465615
465719
465828
465926
466014
466099
466189
466290
466385
466471
466589
466691
466794
466908
467008
467101
467212
467301
467400
467500
467613
467712
467811
467905
467998
468104
468217
468300
468416
468504
468608
468693
468781
468876
468984
469085
469185
469291
469374
469485
469577
469687
469798
469892
469993
470088
470183
470297
470396
470501
470596
470706
470796
470888
470996
471110
471212
471311
471406
471514
471635
471732
471835
471940
472041
472151
472253
472338
472433
472536
472634
472734
472844
472934
473063
473161
473257
473356
473440
473539
473640
473739
473848
473942
474042
474122
474219
474337
474437
474524
474614
474721
474811
474906
475011
475114
475208
475302
475404
475496
475608
475713
475810
475902
476015
476108
476212
476304
476402
476501
476615
476714
476815
476915
477012
477097
477208
477312
477413
477516
477631
477720
477810
477893
477998
478095
478197
478292
478386
478480
478563
478669
478760
478867
478968
479058
479167
479251
479352
479459
479574
479676
479771
479888
479995
480088
480192
480280
480377
480458
480556
480667
480765
480849
480955
481043
481147
481263
481381
481482
481571
481678
481781
481890
481958
482046
482131
482235
482325
482415
482498
482588
482689
482805
482901
483012
483108
483208
483308
483394
483493
483578
483691
483798
483901
484008
484123
484234
484340
484446
484557
484672
484760
484862
484959
485068
485167
485268
485382
485478
485592
485687
485789
485910
486006
486107
486210
486319
486405
486497
486603
486716
486818
486922
487036
487150
487251
487342
487430
487528
487636
487726
487832
487935
488025
488122
488230
488312
488409
488519
488622
488740
488841
488952
489064
489168
489257
489357
489461
489559
489648
489729
489821
489915
490019
490093
490193
490286
490382
490501
490596
490708
490813
490910
491017
491120
491225
491315
491412
491516
491645
491735
491837
491925
492026
492136
492242
492352
492469
492578
492681
492797
492898
492990
493106
493200
493303
493413
493499
493593
493697
493800
493899
494002
494092
494183
494297
494389
494487
494592
494687
494781
494903
495017
495122
495207
495309
495413
495511
495603
495715
495819
495914
496012
496104
496200
496295
496383
496469
496580
496695
496780
496887
496991
497099
497203
497285
497381
497486
497581
497693
497792
497896
497978
498078
498175
498265
498361
498455
498542
498636
498748
498858
498949
499043
499157
499255
499364
499461
499558
